      0/11    0.604G    0.1026   0.05439   0.06028    0.4342         1       512  0.002141   0.02475 0.0002223  3.79e-05   0.08888   0.08888   0.08888
      1/11     3.11G   0.08745   0.05667   0.04971    0.3873         6       512    0.6331   0.01234  0.001989 0.0004163   0.09269   0.09269   0.09269
      2/11     3.11G    0.0818   0.05338   0.04768    0.3654         5       512    0.5348   0.07017   0.02185  0.004766   0.06956   0.06956   0.06956
      3/11     3.11G     0.078   0.05228   0.04647    0.3533         1       512    0.6931    0.0769   0.04414  0.009709   0.06729   0.06729   0.06729
      4/11     3.11G   0.07051   0.04826   0.04497    0.3271         4       512    0.6968    0.1423   0.07702   0.02483   0.05522   0.05522   0.05522
      5/11     3.11G   0.06407   0.04652    0.0447    0.3106         0       512    0.7352    0.1874    0.1122   0.03703   0.05458   0.05458   0.05458
      6/11     3.11G   0.05831   0.04429   0.04343    0.2919         1       512    0.6651    0.2248    0.1431   0.04785    0.0529    0.0529    0.0529
      7/11     3.11G   0.05685   0.04239   0.04376    0.2858         4       512     0.771    0.2163    0.1733   0.06393   0.04857   0.04857   0.04857
      8/11     3.11G   0.05239   0.04116   0.04305    0.2732         0       512    0.6973    0.2187    0.1802   0.08148   0.04437   0.04437   0.04437
      9/11     3.11G   0.05041   0.04215   0.04185    0.2687         1       512    0.6601     0.234    0.1966   0.09243   0.04244   0.04244   0.04244
     10/11     3.11G   0.04707   0.03892   0.04238    0.2566         4       512    0.6601    0.2594    0.2124    0.1101   0.03945   0.03945   0.03945
     11/11     3.11G   0.04521   0.03876   0.04057    0.2489         2       512    0.6823    0.2891    0.2086    0.1067    0.0393    0.0393    0.0393
