     0/299    0.606G    0.1031   0.05397   0.05976    0.4333         1       512  0.001796   0.02705 0.0001699 2.965e-05   0.08903   0.08903   0.08903
     1/299     3.11G   0.08672   0.05772   0.04889    0.3863         6       512    0.5159   0.05724  0.008214  0.001608   0.07193   0.07193   0.07193
     2/299     3.11G   0.08096   0.05407   0.04711    0.3639         5       512    0.6589   0.08834   0.02611  0.004828   0.07016   0.07016   0.07016
     3/299     3.11G   0.07863   0.05878   0.04708    0.3687         1       512    0.5126    0.1043  0.009389  0.001733    0.0669    0.0669    0.0669
     4/299     3.11G   0.07308   0.05134   0.04519    0.3388         4       512     0.707    0.1247   0.06798   0.01679   0.05689   0.05689   0.05689
     5/299     3.11G   0.06688   0.04749   0.04491    0.3186         0       512    0.7054    0.1247   0.07056    0.0202   0.05851   0.05851   0.05851
     6/299     3.11G   0.06209    0.0445   0.04412    0.3012         1       512   0.06578    0.3085   0.07682   0.01934   0.06395   0.06395   0.06395
     7/299     3.11G   0.05968   0.04336   0.04413    0.2941         4       512    0.7716    0.2444    0.1877    0.0777    0.0465    0.0465    0.0465
     8/299     3.11G   0.05599    0.0414   0.04339    0.2816         0       512     0.766    0.2049    0.1727   0.07245   0.04637   0.04637   0.04637
     9/299     3.11G   0.05254    0.0419   0.04239    0.2735         1       512    0.5232    0.2547    0.1826   0.08285   0.04563   0.04563   0.04563
    10/299     3.11G   0.05185   0.03874   0.04298    0.2669         4       512    0.6246    0.2839    0.1848   0.06964   0.05138   0.05138   0.05138
    11/299     3.11G   0.05131   0.03792   0.04129    0.2608         2       512    0.1399    0.4089    0.1788   0.06267    0.0587    0.0587    0.0587
    12/299     3.11G   0.04979   0.03724   0.04119    0.2562         2       512    0.8168    0.2295    0.2262    0.1067   0.04144   0.04144   0.04144
    13/299     3.11G   0.04764   0.03563   0.04074     0.248         0       512    0.1297    0.4621    0.2156   0.09971   0.04145   0.04145   0.04145
    14/299     3.11G    0.0475   0.03592   0.04041    0.2475         1       512    0.1492    0.4912    0.2345     0.121   0.03933   0.03933   0.03933
    15/299     3.11G   0.04506   0.03535   0.03986    0.2402        11       512    0.1552    0.5262    0.2495    0.1284   0.03873   0.03873   0.03873
    16/299     3.11G   0.04492   0.03425    0.0393    0.2367         1       512    0.1432    0.5206    0.2445    0.1285   0.03936   0.03936   0.03936
    17/299     3.11G   0.04218   0.03489   0.03898    0.2318         3       512    0.8337    0.2547    0.2688    0.1467   0.03671   0.03671   0.03671
    18/299     3.11G   0.04267   0.03391   0.03804    0.2291         2       512    0.1603    0.5054    0.2781    0.1422   0.03758   0.03758   0.03758
    19/299     3.11G   0.04194   0.03348    0.0384    0.2276         0       512    0.1682     0.478    0.2817    0.1402   0.03906   0.03906   0.03906
    20/299     3.11G   0.04413   0.03407   0.03867    0.2335         3       512    0.7272    0.3083    0.2952    0.1572   0.03994   0.03994   0.03994
    21/299     3.11G   0.04185   0.03438   0.03786     0.228         2       512     0.177    0.5493    0.3001    0.1677   0.03546   0.03546   0.03546
    22/299     3.11G   0.04202   0.03257   0.03844     0.226         1       512    0.2016    0.4803      0.29    0.1484   0.03558   0.03558   0.03558
    23/299     3.11G   0.04037   0.03152   0.03762    0.2189         1       512    0.2992    0.4102    0.3087    0.1747   0.03476   0.03476   0.03476
    24/299     3.11G   0.04094   0.03385   0.03782     0.225         2       512     0.232    0.4283    0.3172    0.1785   0.03386   0.03386   0.03386
    25/299     3.11G    0.0397   0.03275   0.03655    0.2177         8       512    0.2081    0.5854    0.3282    0.1911   0.03316   0.03316   0.03316
    26/299     3.11G   0.03889   0.03189     0.036    0.2135         1       512    0.2966    0.4932    0.3215    0.1794   0.03451   0.03451   0.03451
    27/299     3.11G   0.03874   0.03164   0.03524    0.2111         2       512    0.2213    0.6087    0.3394    0.1975   0.03318   0.03318   0.03318
    28/299     3.11G   0.04007   0.03272   0.03455    0.2146         1       512    0.2599    0.6148    0.4226    0.2149   0.03829   0.03829   0.03829
